4b9c472869462dd1f155a002860b963f689699f8a1afe965131ea2392441c60d
Ingolais krasse Abgabe
30000 100
30001 100
30002 100
30003 100
30004 100
30005 100
30006 100
30007 100
30008 100
30009 100
30010 100
30011 100
30012 100
30013 100
30014 100
30015 100
30016 100
30017 100
30018 100
30019 100
30020 100
30021 100
30022 100
30023 100
30024 100
30025 100
30026 100
30027 100
30028 100
30029 100
30030 100
30031 100
30032 100
30033 100
30034 100
30035 100
30036 100
30037 100
30038 100
30039 100
30040 100
30041 100
30042 100
30043 100
30044 100
30045 100
30046 100
30047 100
30048 100
30049 100
30050 100
30051 100
30052 100
30053 100
30054 100
30055 100
30056 100
30057 100
30058 100
30059 100
30060 100
30061 100
30062 100
30063 100
30064 100
30065 100
30066 100
30067 100
30068 100
30069 100
30070 100
30071 100
30072 100
30073 100
30074 100
30075 100
30076 100
30077 100
30078 100
30079 100
30080 100
30081 100
30082 100
30083 100
30084 100
30085 100
30086 100
30087 100
30088 100
30089 100
30090 100
30091 100
30092 100
30093 100
30094 100
30095 100
30096 100
30097 100
30098 100
30099 100
30100 100
30101 100
30102 100
30103 100
30104 100
30105 100
30106 100
30107 100
30108 100
30109 100
30110 100
30111 100
30112 100
30113 100
30114 100
30115 100
30116 100
30117 100
30118 100
30119 100
30120 100
30121 100
30122 100
30123 100
30124 100
30125 100
30126 100
30127 100
30128 100
30129 100
30130 100
30131 100
30132 100
30133 100
30134 100
30135 100
30136 100
30137 100
30138 100
30139 100
30140 100
30141 100
30142 100
30143 100
30144 100
30145 100
30146 100
30147 100
30148 100
30149 100
30150 100
30151 100
30152 100
30153 100
30154 100
30155 100
30156 100
30157 100
30158 100
30159 100
30160 100
30161 100
30162 100
30163 100
30164 100
30165 100
30166 100
30167 100
30168 100
30169 100
30170 100
30171 100
30172 100
30173 100
30174 100
30175 100
30176 100
30177 100
30178 100
30179 100
30180 100
30181 100
30182 100
30183 100
30184 100
30185 100
30186 100
30187 100
30188 100
30189 100
30190 100
30191 100
30192 100
30193 100
30194 100
30195 100
30196 100
30197 100
30198 100
30199 100
30200 100
30201 100
30202 100
30203 100
30204 100
30205 100
30206 100
30207 100
30208 100
30209 100
30210 100
30211 100
30212 100
30213 100
30214 100
30215 100
30216 100
30217 100
30218 100
30219 100
30220 100
30221 100
30222 100
30223 100
30224 100
30225 100
30226 100
30227 100
30228 100
30229 100
30230 100
30231 100
30232 100
30233 100
30234 100
30235 100
30236 100
30237 100
30238 100
30239 100
30240 100
30241 100
30242 100
30243 100
30244 100
30245 100
30246 100
30247 100
30248 100
30249 100
30250 100
30251 100
30252 100
30253 100
30254 100
30255 100
30256 100
30257 100
30258 100
30259 100
30260 100
30261 100
30262 100
30263 100
30264 100
30265 100
30266 100
30267 100
30268 100
30269 100
30270 100
30271 100
30272 100
30273 100
30274 100
30275 100
30276 100
30277 100
30278 100
30279 100
30280 100
30281 100
30282 100
30283 100
30284 100
30285 100
30286 100
30287 100
30288 100
30289 100
30290 100
30291 100
30292 100
30293 100
30294 100
30295 100
30296 100
30297 100
30298 100
30299 100
30300 100
30301 100
30302 100
30303 100
30304 100
30305 100
30306 100
30307 100
30308 100
30309 100
30310 100
30311 100
30312 100
30313 100
30314 100
30315 100
30316 100
30317 100
30318 100
30319 100
30320 100
30321 100
30322 100
30323 100
30324 100
30325 100
30326 100
30327 100
30328 100
30329 100
30330 100
30331 100
30332 100
30333 100
30334 100
30335 100
30336 100
30337 100
30338 100
30339 100
30340 100
30341 100
30342 100
30343 100
30344 100
30345 100
30346 100
30347 100
30348 100
30349 100
30350 100
30351 100
30352 100
30353 100
30354 100
30355 100
30356 100
30357 100
30358 100
30359 100
30360 100
30361 100
30362 100
30363 100
30364 100
30365 100
30366 100
30367 100
30368 100
30369 100
30370 100
30371 100
30372 100
30373 100
30374 100
30375 100
30376 100
30377 100
30378 100
30379 100
30380 100
30381 100
30382 100
30383 100
30384 100
30385 100
30386 100
30387 100
30388 100
30389 100
30390 100
30391 100
30392 100
30393 100
30394 100
30395 100
30396 100
30397 100
30398 100
30399 100
30400 100
30401 100
30402 100
30403 100
30404 100
30405 100
30406 100
30407 100
30408 100
30409 100
30410 100
30411 100
30412 100
30413 100
30414 100
30415 100
30416 100
30417 100
30418 100
30419 100
30420 100
30421 100
30422 100
30423 100
30424 100
30425 100
30426 100
30427 100
30428 100
30429 100
30430 100
30431 100
30432 100
30433 100
30434 100
30435 100
30436 100
30437 100
30438 100
30439 100
30440 100
30441 100
30442 100
30443 100
30444 100
30445 100
30446 100
30447 100
30448 100
30449 100
30450 100
30451 100
30452 100
30453 100
30454 100
30455 100
30456 100
30457 100
30458 100
30459 100
30460 100
30461 100
30462 100
30463 100
30464 100
30465 100
30466 100
30467 100
30468 100
30469 100
30470 100
30471 100
30472 100
30473 100
30474 100
30475 100
30476 100
30477 100
30478 100
30479 100
30480 100
30481 100
30482 100
30483 100
30484 100
30485 100
30486 100
30487 100
30488 100
30489 100
30490 100
30491 100
30492 100
30493 100
30494 100
30495 100
30496 100
30497 100
30498 100
30499 100
30500 100
30501 100
30502 100
30503 100
30504 100
30505 100
30506 100
30507 100
30508 100
30509 100
30510 100
30511 100
30512 100
30513 100
30514 100
30515 100
30516 100
30517 100
30518 100
30519 100
30520 100
30521 100
30522 100
30523 100
30524 100
30525 100
30526 100
30527 100
30528 100
30529 100
30530 100
30531 100
30532 100
30533 100
30534 100
30535 100
30536 100
30537 100
30538 100
30539 100
30540 100
30541 100
30542 100
30543 100
30544 100
30545 100
30546 100
30547 100
30548 100
30549 100
30550 100
30551 100
30552 100
30553 100
30554 100
30555 100
30556 100
30557 100
30558 100
30559 100
30560 100
30561 100
30562 100
30563 100
30564 100
30565 100
30566 100
30567 100
30568 100
30569 100
30570 100
30571 100
30572 100
30573 100
30574 100
30575 100
30576 100
30577 100
30578 100
30579 100
30580 100
30581 100
30582 100
30583 100
30584 100
30585 100
30586 100
30587 100
30588 100
30589 100
30590 100
30591 100
30592 100
30593 100
30594 100
30595 100
30596 100
30597 100
30598 100
30599 100
30600 100
30601 100
30602 100
30603 100
30604 100
30605 100
30606 100
30607 100
30608 100
30609 100
30610 100
30611 100
30612 100
30613 100
30614 100
30615 100
30616 100
30617 100
30618 100
30619 100
30620 100
30621 100
30622 100
30623 100
30624 100
30625 100
30626 100
30627 100
30628 100
30629 100
30630 100
30631 100
30632 100
30633 100
30634 100
30635 100
30636 100
30637 100
30638 100
30639 100
30640 100
30641 100
30642 100
30643 100
30644 100
30645 100
30646 100
30647 100
30648 100
30649 100
30650 100
30651 100
30652 100
30653 100
30654 100
30655 100
30656 100
30657 100
30658 100
30659 100
30660 100
30661 100
30662 100
30663 100
30664 100
30665 100
30666 100
30667 100
30668 100
30669 100
30670 100
30671 100
30672 100
30673 100
30674 100
30675 100
30676 100
30677 100
30678 100
30679 100
30680 100
30681 100
30682 100
30683 100
30684 100
30685 100
30686 100
30687 100
30688 100
30689 100
30690 100
30691 100
30692 100
30693 100
30694 100
30695 100
30696 100
30697 100
30698 100
30699 100
30700 100
30701 100
30702 100
30703 100
30704 100
30705 100
30706 100
30707 100
30708 100
30709 100
30710 100
30711 100
30712 100
30713 100
30714 100
30715 100
30716 100
30717 100
30718 100
30719 100
30720 100
30721 100
30722 100
30723 100
30724 100
30725 100
30726 100
30727 100
30728 100
30729 100
30730 100
30731 100
30732 100
30733 100
30734 100
30735 100
30736 100
30737 100
30738 100
30739 100
30740 100
30741 100
30742 100
30743 100
30744 100
30745 100
30746 100
30747 100
30748 100
30749 100
30750 100
30751 100
30752 100
30753 100
30754 100
30755 100
30756 100
30757 100
30758 100
30759 100
30760 100
30761 100
30762 100
30763 100
30764 100
30765 100
30766 100
30767 100
30768 100
30769 100
30770 100
30771 100
30772 100
30773 100
30774 100
30775 100
30776 100
30777 100
30778 100
30779 100
30780 100
30781 100
30782 100
30783 100
30784 100
30785 100
30786 100
30787 100
30788 100
30789 100
30790 100
30791 100
30792 100
30793 100
30794 100
30795 100
30796 100
30797 100
30798 100
30799 100
30800 100
30801 100
30802 100
30803 100
30804 100
30805 100
30806 100
30807 100
30808 100
30809 100
30810 100
30811 100
30812 100
30813 100
30814 100
30815 100
30816 100
30817 100
30818 100
30819 100
30820 100
30821 100
30822 100
30823 100
30824 100
30825 100
30826 100
30827 100
30828 100
30829 100
30830 100
30831 100
30832 100
30833 100
30834 100
30835 100
30836 100
30837 100
30838 100
30839 100
30840 100
30841 100
30842 100
30843 100
30844 100
30845 100
30846 100
30847 100
30848 100
30849 100
30850 100
30851 100
30852 100
30853 100
30854 100
30855 100
30856 100
30857 100
30858 100
30859 100
30860 100
30861 100
30862 100
30863 100
30864 100
30865 100
30866 100
30867 100
30868 100
30869 100
30870 100
30871 100
30872 100
30873 100
30874 100
30875 100
30876 100
30877 100
30878 100
30879 100
30880 100
30881 100
30882 100
30883 100
30884 100
30885 100
30886 100
30887 100
30888 100
30889 100
30890 100
30891 100
30892 100
30893 100
30894 100
30895 100
30896 100
30897 100
30898 100
30899 100
30900 100
30901 100
30902 100
30903 100
30904 100
30905 100
30906 100
30907 100
30908 100
30909 100
30910 100
30911 100
30912 100
30913 100
30914 100
30915 100
30916 100
30917 100
30918 100
30919 100
30920 100
30921 100
30922 100
30923 100
30924 100
30925 100
30926 100
30927 100
30928 100
30929 100
30930 100
30931 100
30932 100
30933 100
30934 100
30935 100
30936 100
30937 100
30938 100
30939 100
30940 100
30941 100
30942 100
30943 100
30944 100
30945 100
30946 100
30947 100
30948 100
30949 100
30950 100
30951 100
30952 100
30953 100
30954 100
30955 100
30956 100
30957 100
30958 100
30959 100
30960 100
30961 100
30962 100
30963 100
30964 100
30965 100
30966 100
30967 100
30968 100
30969 100
30970 100
30971 100
30972 100
30973 100
30974 100
30975 100
30976 100
30977 100
30978 100
30979 100
30980 100
30981 100
30982 100
30983 100
30984 100
30985 100
30986 100
30987 100
30988 100
30989 100
30990 100
30991 100
30992 100
30993 100
30994 100
30995 100
30996 100
30997 100
30998 100
30999 100
31000 100
31001 100
31002 100
31003 100
31004 100
31005 100
31006 100
31007 100
31008 100
31009 100
31010 100
31011 100
31012 100
31013 100
31014 100
31015 100
31016 100
31017 100
31018 100
31019 100
31020 100
31021 100
31022 100
31023 100
31024 100
31025 100
31026 100
31027 100
31028 100
31029 100
31030 100
31031 100
31032 100
31033 100
31034 100
31035 100
31036 100
31037 100
31038 100
31039 100
31040 100
31041 100
31042 100
31043 100
31044 100
31045 100
31046 100
31047 100
31048 100
31049 100
31050 100
31051 100
31052 100
31053 100
31054 100
31055 100
31056 100
31057 100
31058 100
31059 100
31060 100
31061 100
31062 100
31063 100
31064 100
31065 100
31066 100
31067 100
31068 100
31069 100
31070 100
31071 100
31072 100
31073 100
31074 100
31075 100
31076 100
31077 100
31078 100
31079 100
31080 100
31081 100
31082 100
31083 100
31084 100
31085 100
31086 100
31087 100
31088 100
31089 100
31090 100
31091 100
31092 100
31093 100
31094 100
31095 100
31096 100
31097 100
31098 100
31099 100
31100 100
31101 100
31102 100
31103 100
31104 100
31105 100
31106 100
31107 100
31108 100
31109 100
31110 100
31111 100
31112 100
31113 100
31114 100
31115 100
31116 100
31117 100
31118 100
31119 100
31120 100
31121 100
31122 100
31123 100
31124 100
31125 100
31126 100
31127 100
31128 100
31129 100
31130 100
31131 100
31132 100
31133 100
31134 100
31135 100
31136 100
31137 100
31138 100
31139 100
31140 100
31141 100
31142 100
31143 100
31144 100
31145 100
31146 100
31147 100
31148 100
31149 100
31150 100
31151 100
31152 100
31153 100
31154 100
31155 100
31156 100
31157 100
31158 100
31159 100
31160 100
31161 100
31162 100
31163 100
31164 100
31165 100
31166 100
31167 100
31168 100
31169 100
31170 100
31171 100
31172 100
31173 100
31174 100
31175 100
31176 100
31177 100
31178 100
31179 100
31180 100
31181 100
31182 100
31183 100
31184 100
31185 100
31186 100
31187 100
31188 100
31189 100
31190 100
31191 100
31192 100
31193 100
31194 100
31195 100
31196 100
31197 100
31198 100
31199 100
31200 100
31201 100
31202 100
31203 100
31204 100
31205 100
31206 100
31207 100
31208 100
31209 100
31210 100
31211 100
31212 100
31213 100
31214 100
31215 100
31216 100
31217 100
31218 100
31219 100
31220 100
31221 100
31222 100
31223 100
31224 100
31225 100
31226 100
31227 100
31228 100
31229 100
31230 100
31231 100
31232 100
31233 100
31234 100
31235 100
31236 100
31237 100
31238 100
31239 100
31240 100
31241 100
31242 100
31243 100
31244 100
31245 100
31246 100
31247 100
31248 100
31249 100
31250 100
31251 100
31252 100
31253 100
31254 100
31255 100
31256 100
31257 100
31258 100
31259 100
31260 100
31261 100
31262 100
31263 100
31264 100
31265 100
31266 100
31267 100
31268 100
31269 100
31270 100
31271 100
31272 100
31273 100
31274 100
31275 100
31276 100
31277 100
31278 100
31279 100
31280 100
31281 100
31282 100
31283 100
31284 100
31285 100
31286 100
31287 100
31288 100
31289 100
31290 100
31291 100
31292 100
31293 100
31294 100
31295 100
31296 100
31297 100
31298 100
31299 100
31300 100
31301 100
31302 100
31303 100
31304 100
31305 100
31306 100
31307 100
31308 100
31309 100
31310 100
31311 100
31312 100
31313 100
31314 100
31315 100
31316 100
31317 100
31318 100
31319 100
31320 100
31321 100
31322 100
31323 100
31324 100
31325 100
31326 100
31327 100
31328 100
31329 100
31330 100
31331 100
31332 100
31333 100
31334 100
31335 100
31336 100
31337 100
31338 100
31339 100
31340 100
31341 100
31342 100
31343 100
31344 100
31345 100
31346 100
31347 100
31348 100
31349 100
31350 100
31351 100
31352 100
31353 100
31354 100
31355 100
31356 100
31357 100
31358 100
31359 100
31360 100
31361 100
31362 100
31363 100
31364 100
31365 100
31366 100
31367 100
31368 100
31369 100
31370 100
31371 100
31372 100
31373 100
31374 100
31375 100
31376 100
31377 100
31378 100
31379 100
31380 100
31381 100
31382 100
31383 100
31384 100
31385 100
31386 100
31387 100
31388 100
31389 100
31390 100
31391 100
31392 100
31393 100
31394 100
31395 100
31396 100
31397 100
31398 100
31399 100
31400 100
31401 100
31402 100
31403 100
31404 100
31405 100
31406 100
31407 100
31408 100
31409 100
31410 100
31411 100
31412 100
31413 100
31414 100
31415 100
31416 100
31417 100
31418 100
31419 100
31420 100
31421 100
31422 100
31423 100
31424 100
31425 100
31426 100
31427 100
31428 100
31429 100
31430 100
31431 100
31432 100
31433 100
31434 100
31435 100
31436 100
31437 100
31438 100
31439 100
31440 100
31441 100
31442 100
31443 100
31444 100
31445 100
31446 100
31447 100
31448 100
31449 100
31450 100
31451 100
31452 100
31453 100
31454 100
31455 100
31456 100
31457 100
31458 100
31459 100
31460 100
31461 100
31462 100
31463 100
31464 100
31465 100
31466 100
31467 100
31468 100
31469 100
31470 100
31471 100
31472 100
31473 100
31474 100
31475 100
31476 100
31477 100
31478 100
31479 100
31480 100
31481 100
31482 100
31483 100
31484 100
31485 100
31486 100
31487 100
31488 100
31489 100
31490 100
31491 100
31492 100
31493 100
31494 100
31495 100
31496 100
31497 100
31498 100
31499 100
31500 100
31501 100
31502 100
31503 100
31504 100
31505 100
31506 100
31507 100
31508 100
31509 100
31510 100
31511 100
31512 100
31513 100
31514 100
31515 100
31516 100
31517 100
31518 100
31519 100
31520 100
31521 100
31522 100
31523 100
31524 100
31525 100
31526 100
31527 100
31528 100
31529 100
31530 100
31531 100
31532 100
31533 100
31534 100
31535 100
31536 100
31537 100
31538 100
31539 100
31540 100
31541 100
31542 100
31543 100
31544 100
31545 100
31546 100
31547 100
31548 100
31549 100
31550 100
31551 100
31552 100
31553 100
31554 100
31555 100
31556 100
31557 100
31558 100
31559 100
31560 100
31561 100
31562 100
31563 100
31564 100
31565 100
31566 100
31567 100
31568 100
31569 100
31570 100
31571 100
31572 100
31573 100
31574 100
31575 100
31576 100
31577 100
31578 100
31579 100
31580 100
31581 100
31582 100
31583 100
31584 100
31585 100
31586 100
31587 100
31588 100
31589 100
31590 100
31591 100
31592 100
31593 100
31594 100
31595 100
31596 100
31597 100
31598 100
31599 100
31600 100
31601 100
31602 100
31603 100
31604 100
31605 100
31606 100
31607 100
31608 100
31609 100
31610 100
31611 100
31612 100
31613 100
31614 100
31615 100
31616 100
31617 100
31618 100
31619 100
31620 100
31621 100
31622 100
31623 100
31624 100
31625 100
31626 100
31627 100
31628 100
31629 100
31630 100
31631 100
31632 100
31633 100
31634 100
31635 100
31636 100
31637 100
31638 100
31639 100
31640 100
31641 100
31642 100
31643 100
31644 100
31645 100
31646 100
31647 100
31648 100
31649 100
31650 100
31651 100
31652 100
31653 100
31654 100
31655 100
31656 100
31657 100
31658 100
31659 100
31660 100
31661 100
31662 100
31663 100
31664 100
31665 100
31666 100
31667 100
31668 100
31669 100
31670 100
31671 100
31672 100
31673 100
31674 100
31675 100
31676 100
31677 100
31678 100
31679 100
31680 100
31681 100
31682 100
31683 100
31684 100
31685 100
31686 100
31687 100
31688 100
31689 100
31690 100
31691 100
31692 100
31693 100
31694 100
31695 100
31696 100
31697 100
31698 100
31699 100
31700 100
31701 100
31702 100
31703 100
31704 100
31705 100
31706 100
31707 100
31708 100
31709 100
31710 100
31711 100
31712 100
31713 100
31714 100
31715 100
31716 100
31717 100
31718 100
31719 100
31720 100
31721 100
31722 100
31723 100
31724 100
31725 100
31726 100
31727 100
31728 100
31729 100
31730 100
31731 100
31732 100
31733 100
31734 100
31735 100
31736 100
31737 100
31738 100
31739 100
31740 100
31741 100
31742 100
31743 100
31744 100
31745 100
31746 100
31747 100
31748 100
31749 100
31750 100
31751 100
31752 100
31753 100
31754 100
31755 100
31756 100
31757 100
31758 100
31759 100
31760 100
31761 100
31762 100
31763 100
31764 100
31765 100
31766 100
31767 100
31768 100
31769 100
31770 100
31771 100
31772 100
31773 100
31774 100
31775 100
31776 100
31777 100
31778 100
31779 100
31780 100
31781 100
31782 100
31783 100
31784 100
31785 100
31786 100
31787 100
31788 100
31789 100
31790 100
31791 100
31792 100
31793 100
31794 100
31795 100
31796 100
31797 100
31798 100
31799 100
31800 100
31801 100
31802 100
31803 100
31804 100
31805 100
31806 100
31807 100
31808 100
31809 100
31810 100
31811 100
31812 100
31813 100
31814 100
31815 100
31816 100
31817 100
31818 100
31819 100
31820 100
31821 100
31822 100
31823 100
31824 100
31825 100
31826 100
31827 100
31828 100
31829 100
31830 100
31831 100
31832 100
31833 100
31834 100
31835 100
31836 100
31837 100
31838 100
31839 100
31840 100
31841 100
31842 100
31843 100
31844 100
31845 100
31846 100
31847 100
31848 100
31849 100
31850 100
31851 100
31852 100
31853 100
31854 100
31855 100
31856 100
31857 100
31858 100
31859 100
31860 100
31861 100
31862 100
31863 100
31864 100
31865 100
31866 100
31867 100
31868 100
31869 100
31870 100
31871 100
31872 100
31873 100
31874 100
31875 100
31876 100
31877 100
31878 100
31879 100
31880 100
31881 100
31882 100
31883 100
31884 100
31885 100
31886 100
31887 100
31888 100
31889 100
31890 100
31891 100
31892 100
31893 100
31894 100
31895 100
31896 100
31897 100
31898 100
31899 100
31900 100
31901 100
31902 100
31903 100
31904 100
31905 100
31906 100
31907 100
31908 100
31909 100
31910 100
31911 100
31912 100
31913 100
31914 100
31915 100
31916 100
31917 100
31918 100
31919 100
31920 100
31921 100
31922 100
31923 100
31924 100
31925 100
31926 100
31927 100
31928 100
31929 100
31930 100
31931 100
31932 100
31933 100
31934 100
31935 100
31936 100
31937 100
31938 100
31939 100
31940 100
31941 100
31942 100
31943 100
31944 100
31945 100
31946 100
31947 100
31948 100
31949 100
31950 100
31951 100
31952 100
31953 100
31954 100
31955 100
31956 100
31957 100
31958 100
31959 100
31960 100
31961 100
31962 100
31963 100
31964 100
31965 100
31966 100
31967 100
31968 100
31969 100
31970 100
31971 100
31972 100
31973 100
31974 100
31975 100
31976 100
31977 100
31978 100
31979 100
31980 100
31981 100
31982 100
31983 100
31984 100
31985 100
31986 100
31987 100
31988 100
31989 100
31990 100
31991 100
31992 100
31993 100
31994 100
31995 100
31996 100
31997 100
31998 100
31999 100
32000 100
32001 100
32002 100
32003 100
32004 100
32005 100
32006 100
32007 100
32008 100
32009 100
32010 100
32011 100
32012 100
32013 100
32014 100
32015 100
32016 100
32017 100
32018 100
32019 100
32020 100
32021 100
32022 100
32023 100
32024 100
32025 100
32026 100
32027 100
32028 100
32029 100
32030 100
32031 100
32032 100
32033 100
32034 100
32035 100
32036 100
32037 100
32038 100
32039 100
32040 100
32041 100
32042 100
32043 100
32044 100
32045 100
32046 100
32047 100
32048 100
32049 100
32050 100
32051 100
32052 100
32053 100
32054 100
32055 100
32056 100
32057 100
32058 100
32059 100
32060 100
32061 100
32062 100
32063 100
32064 100
32065 100
32066 100
32067 100
32068 100
32069 100
32070 100
32071 100
32072 100
32073 100
32074 100
32075 100
32076 100
32077 100
32078 100
32079 100
32080 100
32081 100
32082 100
32083 100
32084 100
32085 100
32086 100
32087 100
32088 100
32089 100
32090 100
32091 100
32092 100
32093 100
32094 100
32095 100
32096 100
32097 100
32098 100
32099 100
32100 100
32101 100
32102 100
32103 100
32104 100
32105 100
32106 100
32107 100
32108 100
32109 100
32110 100
32111 100
32112 100
32113 100
32114 100
32115 100
32116 100
32117 100
32118 100
32119 100
32120 100
32121 100
32122 100
32123 100
32124 100
32125 100
32126 100
32127 100
32128 100
32129 100
32130 100
32131 100
32132 100
32133 100
32134 100
32135 100
32136 100
32137 100
32138 100
32139 100
32140 100
32141 100
32142 100
32143 100
32144 100
32145 100
32146 100
32147 100
32148 100
32149 100
32150 100
32151 100
32152 100
32153 100
32154 100
32155 100
32156 100
32157 100
32158 100
32159 100
32160 100
32161 100
32162 100
32163 100
32164 100
32165 100
32166 100
32167 100
32168 100
32169 100
32170 100
32171 100
32172 100
32173 100
32174 100
32175 100
32176 100
32177 100
32178 100
32179 100
32180 100
32181 100
32182 100
32183 100
32184 100
32185 100
32186 100
32187 100
32188 100
32189 100
32190 100
32191 100
32192 100
32193 100
32194 100
32195 100
32196 100
32197 100
32198 100
32199 100
32200 100
32201 100
32202 100
32203 100
32204 100
32205 100
32206 100
32207 100
32208 100
32209 100
32210 100
32211 100
32212 100
32213 100
32214 100
32215 100
32216 100
32217 100
32218 100
32219 100
32220 100
32221 100
32222 100
32223 100
32224 100
32225 100
32226 100
32227 100
32228 100
32229 100
32230 100
32231 100
32232 100
32233 100
32234 100
32235 100
32236 100
32237 100
32238 100
32239 100
32240 100
32241 100
32242 100
32243 100
32244 100
32245 100
32246 100
32247 100
32248 100
32249 100
32250 100
32251 100
32252 100
32253 100
32254 100
32255 100
32256 100
32257 100
32258 100
32259 100
32260 100
32261 100
32262 100
32263 100
32264 100
32265 100
32266 100
32267 100
32268 100
32269 100
32270 100
32271 100
32272 100
32273 100
32274 100
32275 100
32276 100
32277 100
32278 100
32279 100
32280 100
32281 100
32282 100
32283 100
32284 100
32285 100
32286 100
32287 100
32288 100
32289 100
32290 100
32291 100
32292 100
32293 100
32294 100
32295 100
32296 100
32297 100
32298 100
32299 100
32300 100
32301 100
32302 100
32303 100
32304 100
32305 100
32306 100
32307 100
32308 100
32309 100
32310 100
32311 100
32312 100
32313 100
32314 100
32315 100
32316 100
32317 100
32318 100
32319 100
32320 100
32321 100
32322 100
32323 100
32324 100
32325 100
32326 100
32327 100
32328 100
32329 100
32330 100
32331 100
32332 100
32333 100
32334 100
32335 100
32336 100
32337 100
32338 100
32339 100
32340 100
32341 100
32342 100
32343 100
32344 100
32345 100
32346 100
32347 100
32348 100
32349 100
32350 100
32351 100
32352 100
32353 100
32354 100
32355 100
32356 100
32357 100
32358 100
32359 100
32360 100
32361 100
32362 100
32363 100
32364 100
32365 100
32366 100
32367 100
32368 100
32369 100
32370 100
32371 100
32372 100
32373 100
32374 100
32375 100
32376 100
32377 100
32378 100
32379 100
32380 100
32381 100
32382 100
32383 100
32384 100
32385 100
32386 100
32387 100
32388 100
32389 100
32390 100
32391 100
32392 100
32393 100
32394 100
32395 100
32396 100
32397 100
32398 100
32399 100
32400 100
32401 100
32402 100
32403 100
32404 100
32405 100
32406 100
32407 100
32408 100
32409 100
32410 100
32411 100
32412 100
32413 100
32414 100
32415 100
32416 100
32417 100
32418 100
32419 100
32420 100
32421 100
32422 100
32423 100
32424 100
32425 100
32426 100
32427 100
32428 100
32429 100
32430 100
32431 100
32432 100
32433 100
32434 100
32435 100
32436 100
32437 100
32438 100
32439 100
32440 100
32441 100
32442 100
32443 100
32444 100
32445 100
32446 100
32447 100
32448 100
32449 100
32450 100
32451 100
32452 100
32453 100
32454 100
32455 100
32456 100
32457 100
32458 100
32459 100
32460 100
32461 100
32462 100
32463 100
32464 100
32465 100
32466 100
32467 100
32468 100
32469 100
32470 100
32471 100
32472 100
32473 100
32474 100
32475 100
32476 100
32477 100
32478 100
32479 100
32480 100
32481 100
32482 100
32483 100
32484 100
32485 100
32486 100
32487 100
32488 100
32489 100
32490 100
32491 100
32492 100
32493 100
32494 100
32495 100
32496 100
32497 100
32498 100
32499 100
32500 100
32501 100
32502 100
32503 100
32504 100
32505 100
32506 100
32507 100
32508 100
32509 100
32510 100
32511 100
32512 100
32513 100
32514 100
32515 100
32516 100
32517 100
32518 100
32519 100
32520 100
32521 100
32522 100
32523 100
32524 100
32525 100
32526 100
32527 100
32528 100
32529 100
32530 100
32531 100
32532 100
32533 100
32534 100
32535 100
32536 100
32537 100
32538 100
32539 100
32540 100
32541 100
32542 100
32543 100
32544 100
32545 100
32546 100
32547 100
32548 100
32549 100
32550 100
32551 100
32552 100
32553 100
32554 100
32555 100
32556 100
32557 100
32558 100
32559 100
32560 100
32561 100
32562 100
32563 100
32564 100
32565 100
32566 100
32567 100
32568 100
32569 100
32570 100
32571 100
32572 100
32573 100
32574 100
32575 100
32576 100
32577 100
32578 100
32579 100
32580 100
32581 100
32582 100
32583 100
32584 100
32585 100
32586 100
32587 100
32588 100
32589 100
32590 100
32591 100
32592 100
32593 100
32594 100
32595 100
32596 100
32597 100
32598 100
32599 100
32600 100
32601 100
32602 100
32603 100
32604 100
32605 100
32606 100
32607 100
32608 100
32609 100
32610 100
32611 100
32612 100
32613 100
32614 100
32615 100
32616 100
32617 100
32618 100
32619 100
32620 100
32621 100
32622 100
32623 100
32624 100
32625 100
32626 100
32627 100
32628 100
32629 100
32630 100
32631 100
32632 100
32633 100
32634 100
32635 100
32636 100
32637 100
32638 100
32639 100
32640 100
32641 100
32642 100
32643 100
32644 100
32645 100
32646 100
32647 100
32648 100
32649 100
32650 100
32651 100
32652 100
32653 100
32654 100
32655 100
32656 100
32657 100
32658 100
32659 100
32660 100
32661 100
32662 100
32663 100
32664 100
32665 100
32666 100
32667 100
32668 100
32669 100
32670 100
32671 100
32672 100
32673 100
32674 100
32675 100
32676 100
32677 100
32678 100
32679 100
32680 100
32681 100
32682 100
32683 100
32684 100
32685 100
32686 100
32687 100
32688 100
32689 100
32690 100
32691 100
32692 100
32693 100
32694 100
32695 100
32696 100
32697 100
32698 100
32699 100
32700 100
32701 100
32702 100
32703 100
32704 100
32705 100
32706 100
32707 100
32708 100
32709 100
32710 100
32711 100
32712 100
32713 100
32714 100
32715 100
32716 100
32717 100
32718 100
32719 100
32720 100
32721 100
32722 100
32723 100
32724 100
32725 100
32726 100
32727 100
32728 100
32729 100
32730 100
32731 100
32732 100
32733 100
32734 100
32735 100
32736 100
32737 100
32738 100
32739 100
32740 100
32741 100
32742 100
32743 100
32744 100
32745 100
32746 100
32747 100
32748 100
32749 100
32750 100
32751 100
32752 100
32753 100
32754 100
32755 100
32756 100
32757 100
32758 100
32759 100
32760 100
32761 100
32762 100
32763 100
32764 100
32765 100
32766 100
32767 100
32768 100
32769 100
32770 100
32771 100
32772 100
32773 100
32774 100
32775 100
32776 100
32777 100
32778 100
32779 100
32780 100
32781 100
32782 100
32783 100
32784 100
32785 100
32786 100
32787 100
32788 100
32789 100
32790 100
32791 100
32792 100
32793 100
32794 100
32795 100
32796 100
32797 100
32798 100
32799 100
32800 100
32801 100
32802 100
32803 100
32804 100
32805 100
32806 100
32807 100
32808 100
32809 100
32810 100
32811 100
32812 100
32813 100
32814 100
32815 100
32816 100
32817 100
32818 100
32819 100
32820 100
32821 100
32822 100
32823 100
32824 100
32825 100
32826 100
32827 100
32828 100
32829 100
32830 100
32831 100
32832 100
32833 100
32834 100
32835 100
32836 100
32837 100
32838 100
32839 100
32840 100
32841 100
32842 100
32843 100
32844 100
32845 100
32846 100
32847 100
32848 100
32849 100
32850 100
32851 100
32852 100
32853 100
32854 100
32855 100
32856 100
32857 100
32858 100
32859 100
32860 100
32861 100
32862 100
32863 100
32864 100
32865 100
32866 100
32867 100
32868 100
32869 100
32870 100
32871 100
32872 100
32873 100
32874 100
32875 100
32876 100
32877 100
32878 100
32879 100
32880 100
32881 100
32882 100
32883 100
32884 100
32885 100
32886 100
32887 100
32888 100
32889 100
32890 100
32891 100
32892 100
32893 100
32894 100
32895 100
32896 100
32897 100
32898 100
32899 100
32900 100
32901 100
32902 100
32903 100
32904 100
32905 100
32906 100
32907 100
32908 100
32909 100
32910 100
32911 100
32912 100
32913 100
32914 100
32915 100
32916 100
32917 100
32918 100
32919 100
32920 100
32921 100
32922 100
32923 100
32924 100
32925 100
32926 100
32927 100
32928 100
32929 100
32930 100
32931 100
32932 100
32933 100
32934 100
32935 100
32936 100
32937 100
32938 100
32939 100
32940 100
32941 100
32942 100
32943 100
32944 100
32945 100
32946 100
32947 100
32948 100
32949 100
32950 100
32951 100
32952 100
32953 100
32954 100
32955 100
32956 100
32957 100
32958 100
32959 100
32960 100
32961 100
32962 100
32963 100
32964 100
32965 100
32966 100
32967 100
32968 100
32969 100
32970 100
32971 100
32972 100
32973 100
32974 100
32975 100
32976 100
32977 100
32978 100
32979 100
32980 100
32981 100
32982 100
32983 100
32984 100
32985 100
32986 100
32987 100
32988 100
32989 100
32990 100
32991 100
32992 100
32993 100
32994 100
32995 100
32996 100
32997 100
32998 100
32999 100
33000 100
33001 100
33002 100
33003 100
33004 100
33005 100
33006 100
33007 100
33008 100
33009 100
33010 100
33011 100
33012 100
33013 100
33014 100
33015 100
33016 100
33017 100
33018 100
33019 100
33020 100
33021 100
33022 100
33023 100
33024 100
33025 100
33026 100
33027 100
33028 100
33029 100
33030 100
33031 100
33032 100
33033 100
33034 100
33035 100
33036 100
33037 100
33038 100
33039 100
33040 100
33041 100
33042 100
33043 100
33044 100
33045 100
33046 100
33047 100
33048 100
33049 100
33050 100
33051 100
33052 100
33053 100
33054 100
33055 100
33056 100
33057 100
33058 100
33059 100
33060 100
33061 100
33062 100
33063 100
33064 100
33065 100
33066 100
33067 100
33068 100
33069 100
33070 100
33071 100
33072 100
33073 100
33074 100
33075 100
33076 100
33077 100
33078 100
33079 100
33080 100
33081 100
33082 100
33083 100
33084 100
33085 100
33086 100
33087 100
33088 100
33089 100
33090 100
33091 100
33092 100
33093 100
33094 100
33095 100
33096 100
33097 100
33098 100
33099 100
33100 100
33101 100
33102 100
33103 100
33104 100
33105 100
33106 100
33107 100
33108 100
33109 100
33110 100
33111 100
33112 100
33113 100
33114 100
33115 100
33116 100
33117 100
33118 100
33119 100
33120 100
33121 100
33122 100
33123 100
33124 100
33125 100
33126 100
33127 100
33128 100
33129 100
33130 100
33131 100
33132 100
33133 100
33134 100
33135 100
33136 100
33137 100
33138 100
33139 100
33140 100
33141 100
33142 100
33143 100
33144 100
33145 100
33146 100
33147 100
33148 100
33149 100
33150 100
33151 100
33152 100
33153 100
33154 100
33155 100
33156 100
33157 100
33158 100
33159 100
33160 100
33161 100
33162 100
33163 100
33164 100
33165 100
33166 100
33167 100
33168 100
33169 100
33170 100
33171 100
33172 100
33173 100
33174 100
33175 100
33176 100
33177 100
33178 100
33179 100
33180 100
33181 100
33182 100
33183 100
33184 100
33185 100
33186 100
33187 100
33188 100
33189 100
33190 100
33191 100
33192 100
33193 100
33194 100
33195 100
33196 100
33197 100
33198 100
33199 100
33200 100
33201 100
33202 100
33203 100
33204 100
33205 100
33206 100
33207 100
33208 100
33209 100
33210 100
33211 100
33212 100
33213 100
33214 100
33215 100
33216 100
33217 100
33218 100
33219 100
33220 100
33221 100
33222 100
33223 100
33224 100
33225 100
33226 100
33227 100
33228 100
33229 100
33230 100
33231 100
33232 100
33233 100
33234 100
33235 100
33236 100
33237 100
33238 100
33239 100
33240 100
33241 100
33242 100
33243 100
33244 100
33245 100
33246 100
33247 100
33248 100
33249 100
33250 100
33251 100
33252 100
33253 100
33254 100
33255 100
33256 100
33257 100
33258 100
33259 100
33260 100
33261 100
33262 100
33263 100
33264 100
33265 100
33266 100
33267 100
33268 100
33269 100
33270 100
33271 100
33272 100
33273 100
33274 100
33275 100
33276 100
33277 100
33278 100
33279 100
33280 100
33281 100
33282 100
33283 100
33284 100
33285 100
33286 100
33287 100
33288 100
33289 100
33290 100
33291 100
33292 100
33293 100
33294 100
33295 100
33296 100
33297 100
33298 100
33299 100
33300 100
33301 100
33302 100
33303 100
33304 100
33305 100
33306 100
33307 100
33308 100
33309 100
33310 100
33311 100
33312 100
33313 100
33314 100
33315 100
33316 100
33317 100
33318 100
33319 100
33320 100
33321 100
33322 100
33323 100
33324 100
33325 100
33326 100
33327 100
33328 100
33329 100
33330 100
33331 100
33332 100
33333 100
33334 100
33335 100
33336 100
33337 100
33338 100
33339 100
33340 100
33341 100
33342 100
33343 100
33344 100
33345 100
33346 100
33347 100
33348 100
33349 100
33350 100
33351 100
33352 100
33353 100
33354 100
33355 100
33356 100
33357 100
33358 100
33359 100
33360 100
33361 100
33362 100
33363 100
33364 100
33365 100
33366 100
33367 100
33368 100
33369 100
33370 100
33371 100
33372 100
33373 100
33374 100
33375 100
33376 100
33377 100
33378 100
33379 100
33380 100
33381 100
33382 100
33383 100
33384 100
33385 100
33386 100
33387 100
33388 100
33389 100
33390 100
33391 100
33392 100
33393 100
33394 100
33395 100
33396 100
33397 100
33398 100
33399 100
33400 100
33401 100
33402 100
33403 100
33404 100
33405 100
33406 100
33407 100
33408 100
33409 100
33410 100
33411 100
33412 100
33413 100
33414 100
33415 100
33416 100
33417 100
33418 100
33419 100
33420 100
33421 100
33422 100
33423 100
33424 100
33425 100
33426 100
33427 100
33428 100
33429 100
33430 100
33431 100
33432 100
33433 100
33434 100
33435 100
33436 100
33437 100
33438 100
33439 100
33440 100
33441 100
33442 100
33443 100
33444 100
33445 100
33446 100
33447 100
33448 100
33449 100
33450 100
33451 100
33452 100
33453 100
33454 100
33455 100
33456 100
33457 100
33458 100
33459 100
33460 100
33461 100
33462 100
33463 100
33464 100
33465 100
33466 100
33467 100
33468 100
33469 100
33470 100
33471 100
33472 100
33473 100
33474 100
33475 100
33476 100
33477 100
33478 100
33479 100
33480 100
33481 100
33482 100
33483 100
33484 100
33485 100
33486 100
33487 100
33488 100
33489 100
33490 100
33491 100
33492 100
33493 100
33494 100
33495 100
33496 100
33497 100
33498 100
33499 100
33500 100
33501 100
33502 100
33503 100
33504 100
33505 100
33506 100
33507 100
33508 100
33509 100
33510 100
33511 100
33512 100
33513 100
33514 100
33515 100
33516 100
33517 100
33518 100
33519 100
33520 100
33521 100
33522 100
33523 100
33524 100
33525 100
33526 100
33527 100
33528 100
33529 100
33530 100
33531 100
33532 100
33533 100
33534 100
33535 100
33536 100
33537 100
33538 100
33539 100
33540 100
33541 100
33542 100
33543 100
33544 100
33545 100
33546 100
33547 100
33548 100
33549 100
33550 100
33551 100
33552 100
33553 100
33554 100
33555 100
33556 100
33557 100
33558 100
33559 100
33560 100
33561 100
33562 100
33563 100
33564 100
33565 100
33566 100
33567 100
33568 100
33569 100
33570 100
33571 100
33572 100
33573 100
33574 100
33575 100
33576 100
33577 100
33578 100
33579 100
33580 100
33581 100
33582 100
33583 100
33584 100
33585 100
33586 100
33587 100
33588 100
33589 100
33590 100
33591 100
33592 100
33593 100
33594 100
33595 100
33596 100
33597 100
33598 100
33599 100
33600 100
33601 100
33602 100
33603 100
33604 100
33605 100
33606 100
33607 100
33608 100
33609 100
33610 100
33611 100
33612 100
33613 100
33614 100
33615 100
33616 100
33617 100
33618 100
33619 100
33620 100
33621 100
33622 100
33623 100
33624 100
33625 100
33626 100
33627 100
33628 100
33629 100
33630 100
33631 100
33632 100
33633 100
33634 100
33635 100
33636 100
33637 100
33638 100
33639 100
33640 100
33641 100
33642 100
33643 100
33644 100
33645 100
33646 100
33647 100
33648 100
33649 100
33650 100
33651 100
33652 100
33653 100
33654 100
33655 100
33656 100
33657 100
33658 100
33659 100
33660 100
33661 100
33662 100
33663 100
33664 100
33665 100
33666 100
33667 100
33668 100
33669 100
33670 100
33671 100
33672 100
33673 100
33674 100
33675 100
33676 100
33677 100
33678 100
33679 100
33680 100
33681 100
33682 100
33683 100
33684 100
33685 100
33686 100
33687 100
33688 100
33689 100
33690 100
33691 100
33692 100
33693 100
33694 100
33695 100
33696 100
33697 100
33698 100
33699 100
33700 100
33701 100
33702 100
33703 100
33704 100
33705 100
33706 100
33707 100
33708 100
33709 100
33710 100
33711 100
33712 100
33713 100
33714 100
33715 100
33716 100
33717 100
33718 100
33719 100
33720 100
33721 100
33722 100
33723 100
33724 100
33725 100
33726 100
33727 100
33728 100
33729 100
33730 100
33731 100
33732 100
33733 100
33734 100
33735 100
33736 100
33737 100
33738 100
33739 100
33740 100
33741 100
33742 100
33743 100
33744 100
33745 100
33746 100
33747 100
33748 100
33749 100
33750 100
33751 100
33752 100
33753 100
33754 100
33755 100
33756 100
33757 100
33758 100
33759 100
33760 100
33761 100
33762 100
33763 100
33764 100
33765 100
33766 100
33767 100
33768 100
33769 100
33770 100
33771 100
33772 100
33773 100
33774 100
33775 100
33776 100
33777 100
33778 100
33779 100
33780 100
33781 100
33782 100
33783 100
33784 100
33785 100
33786 100
33787 100
33788 100
33789 100
33790 100
33791 100
33792 100
33793 100
33794 100
33795 100
33796 100
33797 100
33798 100
33799 100
33800 100
33801 100
33802 100
33803 100
33804 100
33805 100
33806 100
33807 100
33808 100
33809 100
33810 100
33811 100
33812 100
33813 100
33814 100
33815 100
33816 100
33817 100
33818 100
33819 100
33820 100
33821 100
33822 100
33823 100
33824 100
33825 100
33826 100
33827 100
33828 100
33829 100
33830 100
33831 100
33832 100
33833 100
33834 100
33835 100
33836 100
33837 100
33838 100
33839 100
33840 100
33841 100
33842 100
33843 100
33844 100
33845 100
33846 100
33847 100
33848 100
33849 100
33850 100
33851 100
33852 100
33853 100
33854 100
33855 100
33856 100
33857 100
33858 100
33859 100
33860 100
33861 100
33862 100
33863 100
33864 100
33865 100
33866 100
33867 100
33868 100
33869 100
33870 100
33871 100
33872 100
33873 100
33874 100
33875 100
33876 100
33877 100
33878 100
33879 100
33880 100
33881 100
33882 100
33883 100
33884 100
33885 100
33886 100
33887 100
33888 100
33889 100
33890 100
33891 100
33892 100
33893 100
33894 100
33895 100
33896 100
33897 100
33898 100
33899 100
33900 100
33901 100
33902 100
33903 100
33904 100
33905 100
33906 100
33907 100
33908 100
33909 100
33910 100
33911 100
33912 100
33913 100
33914 100
33915 100
33916 100
33917 100
33918 100
33919 100
33920 100
33921 100
33922 100
33923 100
33924 100
33925 100
33926 100
33927 100
33928 100
33929 100
33930 100
33931 100
33932 100
33933 100
33934 100
33935 100
33936 100
33937 100
33938 100
33939 100
33940 100
33941 100
33942 100
33943 100
33944 100
33945 100
33946 100
33947 100
33948 100
33949 100
33950 100
33951 100
33952 100
33953 100
33954 100
33955 100
33956 100
33957 100
33958 100
33959 100
33960 100
33961 100
33962 100
33963 100
33964 100
33965 100
33966 100
33967 100
33968 100
33969 100
33970 100
33971 100
33972 100
33973 100
33974 100
33975 100
33976 100
33977 100
33978 100
33979 100
33980 100
33981 100
33982 100
33983 100
33984 100
33985 100
33986 100
33987 100
33988 100
33989 100
33990 100
33991 100
33992 100
33993 100
33994 100
33995 100
33996 100
33997 100
33998 100
33999 100
34000 100
34001 100
34002 100
34003 100
34004 100
34005 100
34006 100
34007 100
34008 100
34009 100
34010 100
34011 100
34012 100
34013 100
34014 100
34015 100
34016 100
34017 100
34018 100
34019 100
34020 100
34021 100
34022 100
34023 100
34024 100
34025 100
34026 100
34027 100
34028 100
34029 100
34030 100
34031 100
34032 100
34033 100
34034 100
34035 100
34036 100
34037 100
34038 100
34039 100
34040 100
34041 100
34042 100
34043 100
34044 100
34045 100
34046 100
34047 100
34048 100
34049 100
34050 100
34051 100
34052 100
34053 100
34054 100
34055 100
34056 100
34057 100
34058 100
34059 100
34060 100
34061 100
34062 100
34063 100
34064 100
34065 100
34066 100
34067 100
34068 100
34069 100
34070 100
34071 100
34072 100
34073 100
34074 100
34075 100
34076 100
34077 100
34078 100
34079 100
34080 100
34081 100
34082 100
34083 100
34084 100
34085 100
34086 100
34087 100
34088 100
34089 100
34090 100
34091 100
34092 100
34093 100
34094 100
34095 100
34096 100
34097 100
34098 100
34099 100
34100 100
34101 100
34102 100
34103 100
34104 100
34105 100
34106 100
34107 100
34108 100
34109 100
34110 100
34111 100
34112 100
34113 100
34114 100
34115 100
34116 100
34117 100
34118 100
34119 100
34120 100
34121 100
34122 100
34123 100
34124 100
34125 100
34126 100
34127 100
34128 100
34129 100
34130 100
34131 100
34132 100
34133 100
34134 100
34135 100
34136 100
34137 100
34138 100
34139 100
34140 100
34141 100
34142 100
34143 100
34144 100
34145 100
34146 100
34147 100
34148 100
34149 100
34150 100
34151 100
34152 100
34153 100
34154 100
34155 100
34156 100
34157 100
34158 100
34159 100
34160 100
34161 100
34162 100
34163 100
34164 100
34165 100
34166 100
34167 100
34168 100
34169 100
34170 100
34171 100
34172 100
34173 100
34174 100
34175 100
34176 100
34177 100
34178 100
34179 100
34180 100
34181 100
34182 100
34183 100
34184 100
34185 100
34186 100
34187 100
34188 100
34189 100
34190 100
34191 100
34192 100
34193 100
34194 100
34195 100
34196 100
34197 100
34198 100
34199 100
34200 100
34201 100
34202 100
34203 100
34204 100
34205 100
34206 100
34207 100
34208 100
34209 100
34210 100
34211 100
34212 100
34213 100
34214 100
34215 100
34216 100
34217 100
34218 100
34219 100
34220 100
34221 100
34222 100
34223 100
34224 100
34225 100
34226 100
34227 100
34228 100
34229 100
34230 100
34231 100
34232 100
34233 100
34234 100
34235 100
34236 100
34237 100
34238 100
34239 100
34240 100
34241 100
34242 100
34243 100
34244 100
34245 100
34246 100
34247 100
34248 100
34249 100
34250 100
34251 100
34252 100
34253 100
34254 100
34255 100
34256 100
34257 100
34258 100
34259 100
34260 100
34261 100
34262 100
34263 100
34264 100
34265 100
34266 100
34267 100
34268 100
34269 100
34270 100
34271 100
34272 100
34273 100
34274 100
34275 100
34276 100
34277 100
34278 100
34279 100
34280 100
34281 100
34282 100
34283 100
34284 100
34285 100
34286 100
34287 100
34288 100
34289 100
34290 100
34291 100
34292 100
34293 100
34294 100
34295 100
34296 100
34297 100
34298 100
34299 100
34300 100
34301 100
34302 100
34303 100
34304 100
34305 100
34306 100
34307 100
34308 100
34309 100
34310 100
34311 100
34312 100
34313 100
34314 100
34315 100
34316 100
34317 100
34318 100
34319 100
34320 100
34321 100
34322 100
34323 100
34324 100
34325 100
34326 100
34327 100
34328 100
34329 100
34330 100
34331 100
34332 100
34333 100
34334 100
34335 100
34336 100
34337 100
34338 100
34339 100
34340 100
34341 100
34342 100
34343 100
34344 100
34345 100
34346 100
34347 100
34348 100
34349 100
34350 100
34351 100
34352 100
34353 100
34354 100
34355 100
34356 100
34357 100
34358 100
34359 100
34360 100
34361 100
34362 100
34363 100
34364 100
34365 100
34366 100
34367 100
34368 100
34369 100
34370 100
34371 100
34372 100
34373 100
34374 100
34375 100
34376 100
34377 100
34378 100
34379 100
34380 100
34381 100
34382 100
34383 100
34384 100
34385 100
34386 100
34387 100
34388 100
34389 100
34390 100
34391 100
34392 100
34393 100
34394 100
34395 100
34396 100
34397 100
34398 100
34399 100
34400 100
34401 100
34402 100
34403 100
34404 100
34405 100
34406 100
34407 100
34408 100
34409 100
34410 100
34411 100
34412 100
34413 100
34414 100
34415 100
34416 100
34417 100
34418 100
34419 100
34420 100
34421 100
34422 100
34423 100
34424 100
34425 100
34426 100
34427 100
34428 100
34429 100
34430 100
34431 100
34432 100
34433 100
34434 100
34435 100
34436 100
34437 100
34438 100
34439 100
34440 100
34441 100
34442 100
34443 100
34444 100
34445 100
34446 100
34447 100
34448 100
34449 100
34450 100
34451 100
34452 100
34453 100
34454 100
34455 100
34456 100
34457 100
34458 100
34459 100
34460 100
34461 100
34462 100
34463 100
34464 100
34465 100
34466 100
34467 100
34468 100
34469 100
34470 100
34471 100
34472 100
34473 100
34474 100
34475 100
34476 100
34477 100
34478 100
34479 100
34480 100
34481 100
34482 100
34483 100
34484 100
34485 100
34486 100
34487 100
34488 100
34489 100
34490 100
34491 100
34492 100
34493 100
34494 100
34495 100
34496 100
34497 100
34498 100
34499 100
34500 100
34501 100
34502 100
34503 100
34504 100
34505 100
34506 100
34507 100
34508 100
34509 100
34510 100
34511 100
34512 100
34513 100
34514 100
34515 100
34516 100
34517 100
34518 100
34519 100
34520 100
34521 100
34522 100
34523 100
34524 100
34525 100
34526 100
34527 100
34528 100
34529 100
34530 100
34531 100
34532 100
34533 100
34534 100
34535 100
34536 100
34537 100
34538 100
34539 100
34540 100
34541 100
34542 100
34543 100
34544 100
34545 100
34546 100
34547 100
34548 100
34549 100
34550 100
34551 100
34552 100
34553 100
34554 100
34555 100
34556 100
34557 100
34558 100
34559 100
34560 100
34561 100
34562 100
34563 100
34564 100
34565 100
34566 100
34567 100
34568 100
34569 100
34570 100
34571 100
34572 100
34573 100
34574 100
34575 100
34576 100
34577 100
34578 100
34579 100
34580 100
34581 100
34582 100
34583 100
34584 100
34585 100
34586 100
34587 100
34588 100
34589 100
34590 100
34591 100
34592 100
34593 100
34594 100
34595 100
34596 100
34597 100
34598 100
34599 100
34600 100
34601 100
34602 100
34603 100
34604 100
34605 100
34606 100
34607 100
34608 100
34609 100
34610 100
34611 100
34612 100
34613 100
34614 100
34615 100
34616 100
34617 100
34618 100
34619 100
34620 100
34621 100
34622 100
34623 100
34624 100
34625 100
34626 100
34627 100
34628 100
34629 100
34630 100
34631 100
34632 100
34633 100
34634 100
34635 100
34636 100
34637 100
34638 100
34639 100
34640 100
34641 100
34642 100
34643 100
34644 100
34645 100
34646 100
34647 100
34648 100
34649 100
34650 100
34651 100
34652 100
34653 100
34654 100
34655 100
34656 100
34657 100
34658 100
34659 100
34660 100
34661 100
34662 100
34663 100
34664 100
34665 100
34666 100
34667 100
34668 100
34669 100
34670 100
34671 100
34672 100
34673 100
34674 100
34675 100
34676 100
34677 100
34678 100
34679 100
34680 100
34681 100
34682 100
34683 100
34684 100
34685 100
34686 100
34687 100
34688 100
34689 100
34690 100
34691 100
34692 100
34693 100
34694 100
34695 100
34696 100
34697 100
34698 100
34699 100
34700 100
34701 100
34702 100
34703 100
34704 100
34705 100
34706 100
34707 100
34708 100
34709 100
34710 100
34711 100
34712 100
34713 100
34714 100
34715 100
34716 100
34717 100
34718 100
34719 100
34720 100
34721 100
34722 100
34723 100
34724 100
34725 100
34726 100
34727 100
34728 100
34729 100
34730 100
34731 100
34732 100
34733 100
34734 100
34735 100
34736 100
34737 100
34738 100
34739 100
34740 100
34741 100
34742 100
34743 100
34744 100
34745 100
34746 100
34747 100
34748 100
34749 100
34750 100
34751 100
34752 100
34753 100
34754 100
34755 100
34756 100
34757 100
34758 100
34759 100
34760 100
34761 100
34762 100
34763 100
34764 100
34765 100
34766 100
34767 100
34768 100
34769 100
34770 100
34771 100
34772 100
34773 100
34774 100
34775 100
34776 100
34777 100
34778 100
34779 100
34780 100
34781 100
34782 100
34783 100
34784 100
34785 100
34786 100
34787 100
34788 100
34789 100
34790 100
34791 100
34792 100
34793 100
34794 100
34795 100
34796 100
34797 100
34798 100
34799 100
34800 100
34801 100
34802 100
34803 100
34804 100
34805 100
34806 100
34807 100
34808 100
34809 100
34810 100
34811 100
34812 100
34813 100
34814 100
34815 100
34816 100
34817 100
34818 100
34819 100
34820 100
34821 100
34822 100
34823 100
34824 100
34825 100
34826 100
34827 100
34828 100
34829 100
34830 100
34831 100
34832 100
34833 100
34834 100
34835 100
34836 100
34837 100
34838 100
34839 100
34840 100
34841 100
34842 100
34843 100
34844 100
34845 100
34846 100
34847 100
34848 100
34849 100
34850 100
34851 100
34852 100
34853 100
34854 100
34855 100
34856 100
34857 100
34858 100
34859 100
34860 100
34861 100
34862 100
34863 100
34864 100
34865 100
34866 100
34867 100
34868 100
34869 100
34870 100
34871 100
34872 100
34873 100
34874 100
34875 100
34876 100
34877 100
34878 100
34879 100
34880 100
34881 100
34882 100
34883 100
34884 100
34885 100
34886 100
34887 100
34888 100
34889 100
34890 100
34891 100
34892 100
34893 100
34894 100
34895 100
34896 100
34897 100
34898 100
34899 100
34900 100
34901 100
34902 100
34903 100
34904 100
34905 100
34906 100
34907 100
34908 100
34909 100
34910 100
34911 100
34912 100
34913 100
34914 100
34915 100
34916 100
34917 100
34918 100
34919 100
34920 100
34921 100
34922 100
34923 100
34924 100
34925 100
34926 100
34927 100
34928 100
34929 100
34930 100
34931 100
34932 100
34933 100
34934 100
34935 100
34936 100
34937 100
34938 100
34939 100
34940 100
34941 100
34942 100
34943 100
34944 100
34945 100
34946 100
34947 100
34948 100
34949 100
34950 100
34951 100
34952 100
34953 100
34954 100
34955 100
34956 100
34957 100
34958 100
34959 100
34960 100
34961 100
34962 100
34963 100
34964 100
34965 100
34966 100
34967 100
34968 100
34969 100
34970 100
34971 100
34972 100
34973 100
34974 100
34975 100
34976 100
34977 100
34978 100
34979 100
34980 100
34981 100
34982 100
34983 100
34984 100
34985 100
34986 100
34987 100
34988 100
34989 100
34990 100
34991 100
34992 100
34993 100
34994 100
34995 100
34996 100
34997 100
34998 100
34999 100
